{
	"omni-left-cam-info": {
		"c": 0,
		"pols": [-191.2577057,0,0.002269373974,-4.459098818e-06,1.550083972e-08],
		"d": 0,
		"invpols": [289.7206116,170.4239807,-5.772285938,21.3432827,16.36993217,-2.228895903,1.656788945,5.82363987,0.6061940193,-0.5396329761,0.5522530079,0.2638370097],
		"height": 640,
		"width": 720,
		"cy": 361.1512451,
		"cx": 358.5334778,
		"len_invpol": 12,
		"e": 0,
		"len_pol": 5
	}
}
