{
	"zed-right-camera-info": {
		"D": [-0.173936,0.0280004,0,0,0],
		"P": [349.616,0,327.479,-41.90412,0,349.616,200.231,0,0,0,1,0],
		"width": 0,
		"K": [349.616,0,327.479,0,349.616,200.231,0,0,1],
		"height": 0,
		"R": [0.9999351629,0.002124838729,0.0111872682,-0.002095385187,0.9999943097,-0.002643836602,-0.01119282226,0.002620223548,0.9999339254],
		"binning_y": 0,
		"binning_x": 0,
		"distortion_model": "plumb_bob",
		"roi_width": 0,
		"roi_do_rectify": 0,
		"roi_y_offset": 0,
		"roi_x_offset": 0,
		"roi_height": 0,
		"header_frame_id": "zed_right_frame"
	}
}
