{
	"kinect-depth-camera-info": {
		"D": [-0.09094961727,0.1437859491,0.0005956337011,0.0008070488554,0],
		"P": [565.0430908,0,302.3134054,0,0,563.9957275,242.0320601,0,0,0,1,0],
		"width": 640,
		"K": [570.1938016,0,301.3664098,0,567.9740976,241.8643038,0,0,1],
		"height": 480,
		"R": [1,0,0,0,1,0,0,0,1],
		"binning_y": 0,
		"binning_x": 0,
		"distortion_model": "plumb_bob",
		"roi_width": 0,
		"roi_do_rectify": 0,
		"roi_y_offset": 0,
		"roi_x_offset": 0,
		"roi_height": 0,
		"header_frame_id": "kinect_depth_optical_frame"
	}
}
