{
	"kinect-rgb-kalibr-camera-info": {
		"D": [0,0,0,0,0],
		"P": [526.4509906,0,306.6419466,0,0,524.5903387,258.6611961,0,0,0,1,0],
		"width": 640,
		"K": [526.4509906,0,306.6419466,0,524.5903387,258.6611961,0,0,1],
		"height": 480,
		"R": [1,0,0,0,1,0,0,0,1],
		"binning_y": 0,
		"binning_x": 0,
		"distortion_model": "plumb_bob",
		"roi_width": 0,
		"roi_do_rectify": 0,
		"roi_y_offset": 0,
		"roi_x_offset": 0,
		"roi_height": 0,
		"header_frame_id": "kinect_rgb_optical_frame"
	}
}
