{
	"ocam-kalibr-camera-info": {
		"D": [0,0,0,0,0],
		"P": [482.8929764,0,316.5797784,0,0,483.4855782,232.1427675,0,0,0,1,0],
		"width": 640,
		"K": [482.8929764,0,316.5797784,0,483.4855782,232.1427675,0,0,1],
		"height": 480,
		"R": [1,0,0,0,1,0,0,0,1],
		"binning_y": 0,
		"binning_x": 0,
		"distortion_model": "plumb_bob",
		"roi_width": 0,
		"roi_do_rectify": 0,
		"roi_y_offset": 0,
		"roi_x_offset": 0,
		"roi_height": 0,
		"header_frame_id": "ocam"
	}
}
