{
	"omni-right-cam-info": {
		"c": 0,
		"pols": [-193.5417938,0,0.001817560988,3.936297901e-07,1.085878054e-09],
		"d": 0,
		"invpols": [307.8891296,226.7445068,60.95806503,48.41360474,24.47665215,14.26403999,8.235738754,2.737426043,0.3719640076],
		"height": 640,
		"width": 720,
		"cy": 275.2764282,
		"cx": 357.1801758,
		"len_invpol": 9,
		"e": 0,
		"len_pol": 5
	}
}
